12056
24034
13665
12428
29088
32660
22172
9506
3887
4679
3562
10694
2886
8386
23437
17523
25921
8292
3008
8114
6627
18207
23485
24434
23851
27882
879
29267
24868
11736
25936
8287
26530
27152
22620
5805
25895
8092
16967
29473
6386
14572
18125
17828
9719
835
13004
8265
17364
12650
25772
1654
19911
31999
19851
5336
9432
3687
10959
8391
32257
2454
31973
14342
16173
13051
4263
28711
6535
28349
25763
11670
26064
19419
6932
16823
5221
7675
26534
26201
29615
10168
10557
9256
24948
17089
4176
3046
24335
30810
2520
22161
31720
30261
5479
9983
15805
22319
756
26521
