14637
17558
1110
11126
929
18418
8681
30746
1165
23115
30474
23391
16706
27844
20175
32020
26722
6903
25179
28242
23512
20408
26215
9614
16405
10937
32281
12790
15449
12183
2800
10920
11942
14334
16329
15140
23030
10559
1605
23065
8597
25559
27819
27011
17597
25105
21155
23755
16399
10685
28889
16692
25137
12770
27891
1317
31945
4895
2743
7542
15454
16671
31206
11274
31076
13125
14035
26421
32712
16012
6732
13504
27037
17823
20495
10155
1835
13791
19810
27352
16582
6602
13882
7400
23929
28655
21174
22471
30535
3597
12149
22664
19580
8155
31063
18295
32469
27229
9367
19670
