9832
5865
13339
28291
2355
31701
27008
3126
12256
12768
29884
7948
27034
7086
31119
22606
772
12616
821
10721
30542
13011
30305
2749
16225
13306
30706
20132
5904
11197
15517
6910
22312
5918
29011
10733
17538
20256
21916
31199
13434
19180
24971
27826
20760
11344
15641
30163
4234
28761
25808
18313
9747
20449
24702
4881
27248
27636
29146
23017
23464
10401
26459
8930
9260
19313
30612
20255
15169
23562
14954
10976
25791
29781
2552
4291
29691
29137
23710
3625
13540
3439
30661
10839
16323
20987
22919
16105
16497
15055
3162
8355
17735
28970
1775
19568
21467
3223
18454
11057
