2364
28267
18147
2945
784
16719
20579
17070
13522
26706
30260
1157
16328
8711
1653
9726
22616
7511
31312
12173
23282
28293
25759
12093
28742
13885
25482
1406
9757
26029
25349
5221
3810
21851
19103
16546
1337
27073
12031
31095
6683
7870
3282
21540
4045
3597
2062
30009
12236
5349
20126
7754
19169
1476
17050
10637
31908
8653
8879
3902
26736
12680
29371
27866
29846
22306
569
11035
1155
22965
11614
13165
19669
29665
19723
12827
4260
15812
8699
7387
31367
16193
24022
11724
25277
6633
12955
632
11023
26228
21236
13007
19948
23319
30977
22825
17374
11977
4121
28490
