8201
24187
24923
24097
26790
9803
15505
27881
13701
26371
2169
24951
29005
4591
285
15826
25262
10046
22387
22198
27851
4020
10588
2345
8260
27297
29858
16520
8525
28773
1621
17975
27818
7165
7281
24152
2878
15294
29684
22426
18932
26163
22544
10303
25441
4095
17792
29945
5730
32531
23988
3991
7606
11697
21904
8687
24225
16029
18382
19715
12410
15398
25839
17885
13296
28184
30136
8259
17776
27324
5497
25930
31455
20565
3646
11601
22878
20245
32422
26013
17701
15907
921
16957
23588
29761
25402
12845
25989
15714
10942
19034
24225
18188
3577
26164
6974
12125
13923
21675
